MOTION_1001:
	DB	8 ; MOTION
	  DB 29,50,40,35,14,24,35,14,24,29,50,40,0,0,0,0,255,255,1
	  DB 26,50,40,28,14,14,59,14,54,20,50,20,0,0,0,0,255,255,1
	  DB 36,50,50,38,14,24,44,14,44,5,50,10,0,0,0,0,255,255,1
	  DB 26,50,40,28,14,14,59,14,54,20,50,20,0,0,0,0,255,255,1
	  DB 36,50,50,38,14,24,44,14,44,5,50,10,0,0,0,0,255,255,1
	  DB 26,50,40,28,14,14,59,14,54,20,50,20,0,0,0,0,255,255,1
	  DB 26,50,40,28,14,14,59,14,54,20,50,20,0,0,0,0,255,255,1
	  DB 24,50,29,40,14,35,40,14,29,24,50,35,0,0,0,207,0,0,130
MOTION_1002:
	DB	5 ; MOTION
	  DB 27,50,40,37,14,24,37,14,24,27,50,40,0,0,0,0,255,255,1
	  DB 24,50,29,40,14,35,40,14,29,24,50,35,0,0,0,0,255,255,1
	  DB 35,42,45,42,22,29,29,14,19,25,50,35,0,0,0,0,255,255,1
	  DB 25,50,35,29,14,19,44,14,29,30,50,45,0,0,0,0,255,255,1
	  DB 24,50,29,40,14,35,40,14,29,24,50,35,0,0,0,207,0,0,130
MOTION_1003:
	DB	5 ; MOTION
	  DB 27,50,40,37,14,24,37,14,24,27,50,40,0,0,0,0,255,255,1
	  DB 24,50,29,40,14,35,40,14,29,24,50,35,0,0,0,0,255,255,1
	  DB 22,42,35,29,22,19,39,14,29,35,50,45,0,0,0,0,255,255,1
	  DB 35,50,45,39,14,29,34,14,19,20,50,35,0,0,0,0,255,255,1
	  DB 24,50,29,40,14,35,40,14,29,24,50,35,0,0,0,207,0,0,130
MOTION_1006:
	DB	2 ; MOTION
	  DB 128,128,128,128,128,128,128,128,128,128,128,128,0,0,0,202,0,0,0
	  DB 128,128,128,128,128,128,128,128,128,128,128,128,0,0,0,170,0,0,128
MOTION_1007:
	DB	1 ; MOTION
	  DB 128,128,128,128,128,128,128,128,128,128,128,128,0,0,206,0,255,255,1
MOTION_1011:
	DB	1 ; MOTION
	  DB 128,128,128,128,128,128,128,128,128,128,128,128,175,175,175,160,0,0,128
MOTION_1012:
	DB	1 ; MOTION
	  DB 128,128,128,128,128,128,128,128,128,128,128,128,207,207,174,206,0,0,128
MOTION_1013:
	DB	1 ; MOTION
	  DB 128,128,128,128,128,128,128,128,128,128,128,128,168,161,207,174,0,0,128
MOTION_1014:
	DB	1 ; MOTION
	  DB 128,128,128,128,128,128,128,128,128,128,128,128,175,175,175,207,0,0,130
MOTION_1033_to_1069:
	DB	1 ; MOTION
	  DB 128,128,128,128,128,128,128,128,128,128,128,128,174,207,207,207,0,0,128
MOTION_1070:
	DB	1 ; MOTION
	  DB 128,128,128,128,128,128,128,128,128,128,128,128,0,207,167,206,0,0,128
MOTION_082_to_088:
	DB	0 ; MOTION

 IFDEF EXACT
	DB 00H,00H,00H,00H,00H,00H,00H
 ENDIF


